1
4
10  7 
2.15622
1.72498
0.45591
0.21474
0.08580
0.03823
0.01709
0.00554
0.00179
0.50000
     9  0
-0.83775000
 1.37889324
-0.67960621
-0.62399240
-0.05966775
 0.00383385
-0.00067403
 0.00005724
-0.00000589
     9  0
-0.21518003
 0.36622711
-0.21976886
-0.29578515
-0.20961558
 0.55960608
 0.67124633
 0.04598674
-0.00568660
     1  9
 1.00000000
     1  3
 1.00000000
     1  4
 1.00000000
     1  5
 1.00000000
     1  7
 1.00000000

11  7
1.22335
0.64742
0.27110
0.11572
0.02565
0.01130
0.00330
0.32100
0.08150
0.04200
0.00700
     7  0
-0.16749734
 0.27440595
 0.30373181
 0.10767493
-0.00324077
 0.00235831
-0.00061493
     7  0
 0.13754082
-0.19760303
-0.29272680
-0.11409482
-0.00102304
-0.00008953
 0.00005938
     7  0
 0.02070844
-0.03441537
-0.05184885
-0.01691303
 0.17370746
 0.27235565
 0.08909441
     1  7
 1.00000000
     1  8
 1.00000000
     1  9
 1.00000000
     1 10
 1.00000000

10  5
2.43225
0.36449
0.13296
0.04620
0.01799
0.00709
0.590
0.210
0.095
0.017
     6  0
-0.00190910
 0.08185614
 0.13896093
 0.20981048
 0.22500352
 0.05419298
     1  6
 1.00000000
     1  7
 1.00000000
     1  8
 1.00000000
     1  9
 1.00000000

 3  0
0.8617   
0.280    
0.1250000

 1  0
0.300000

