ECP 46 3 3

1
8                                                        
0   18.48158007875964  6.000000000000000                
1   2.533732656805591  -70.30329026707329               
1   1.719961128010432  309.4578888435636                
1  0.5902678396454162  -190.6071813591192               
2   2.462923081656976  -157.7077916429838               
2  0.7551748193742106  134.2133451078191                
2  0.5107666193644738  18.97151544614839                
2  0.3461454403409327  -0.6679150983126547              

1
9                                                        
0  0.1057120913116509         5.000000000000000         
1   5.878549269704592         -44.73413626228071        
1   1.648378610794513         90.41350020795835         
2   2.518603830080988         -131.2130126398150        
2  0.9737347790675436         -12.96806167711064        
2  0.2560332725031003         -1.364988609675464        
2  0.1057120667641323         -0.2579274156454119       
2  0.7264112298040067E-001    0.4870792998526241E-001   
2  0.4907871112589245E-001    -0.5245596920803841E-002  

1
6                                                        
0   16.79964741408441     3.000000000000000             
1   1.264111029436849     -29.07216085723485            
1  0.4256099961165154     -164.1173155573779            
1  0.2682024600744289     236.5116731687740             
2  0.2938091140257330     -80.70138421760930            
2  0.2068521985556748     -0.8432793627181354           

1
8                                                        
1   75.50032079193498          -8.254139503829492       
1   24.83391877854157          -9.749473391899301 
1   10.30659849439763          -4.912066108664476       
1   3.657320648119410          -7.996034655340736       
1   1.523924030327146          -3.963368219468975       
1  0.1091289917773430E-001     -0.4130079637926221E-005 
2  0.9066331990816754          -0.2968929732651304      
2  0.6381991499727805          -0.3435786340514824E-001 

1
8                                                        
1   5.878549269704592         0.198332137134865         
1   1.648378610794513         0.707200054100497         
2   2.518603830080988         -1.05756832185616         
2  0.9737347790675436         0.566626323999946         
2  0.2560332725031003        -0.0183820839733642        
2  0.1057120667641323         0.00915121801317771       
2  0.7264112298040067E-001   -0.00586524193289506       
2  0.4907871112589245E-001    0.0011360966593396        

1
5                                                        
1   1.264111029436849     -0.143935968942242            
1  0.4256099961165154     -0.10737101676641             
1  0.2682024600744289      0.276980104739778            
2  0.2938091140257330     -0.110353908909019            
2  0.2068521985556748      0.0021106877447437           

1
8                                                        
1   75.50032079193498          0.69560135987909         
1   24.83391877854157         -0.0625374361217317       
1   10.30659849439763          0.0198394496941806       
1   3.657320648119410         -0.00162902058530433      
1   1.523924030327146          0.00956497054825636      
1  0.1091289917773430E-001     9.96798524228023e-07     
2  0.9066331990816754         -0.0130736689487614       
2  0.6381991499727805          0.00201498013640438      
