ECP 46 5 3

1 1 2   22.5  6.0000
1 1 2   22.5  6.0000
1 1 2   22.5  6.0000
1 1 2   22.5  6.0000
1 1 2   22.5  6.0000
1 1 2   22.5  6.0000

1
8                                                        
1   5.878549269704592         0.198332137134865         
1   1.648378610794513         0.707200054100497         
2   2.518603830080988         -1.05756832185616         
2  0.9737347790675436         0.566626323999946         
2  0.2560332725031003        -0.0183820839733642        
2  0.1057120667641323         0.00915121801317771       
2  0.7264112298040067E-001   -0.00586524193289506       
2  0.4907871112589245E-001    0.0011360966593396        

1
5                                                        
1   1.264111029436849     -0.143935968942242            
1  0.4256099961165154     -0.10737101676641             
1  0.2682024600744289      0.276980104739778            
2  0.2938091140257330     -0.110353908909019            
2  0.2068521985556748      0.0021106877447437           

1
8                                                        
1   75.50032079193498          0.69560135987909         
1   24.83391877854157         -0.0625374361217317       
1   10.30659849439763          0.0198394496941806       
1   3.657320648119410         -0.00162902058530433      
1   1.523924030327146          0.00956497054825636      
1  0.1091289917773430E-001     9.96798524228023e-07     
2  0.9066331990816754         -0.0130736689487614       
2  0.6381991499727805          0.00201498013640438      
